-1.999511718750000000e-01 -3.671359944223690497e-01
-1.997070312500000000e-01 -1.648562197252975148e-01
-1.994628906250000000e-01 1.422595319809213943e-02
-1.992187500000000000e-01 1.156145470813668280e-01
-1.989746093750000000e-01 1.068509815347291336e-01
-1.987304687500000000e-01 -1.073227615728000739e-02
-1.984863281250000000e-01 -2.008510343194217229e-01
-1.982421875000000000e-01 -4.022663442499633257e-01
-1.979980468750000000e-01 -5.468289984702267015e-01
-1.977539062500000000e-01 -5.798836551127235506e-01
-1.975097656250000000e-01 -4.766935997843052553e-01
-1.972656250000000000e-01 -2.499605056723486762e-01
-1.970214843750000000e-01 5.357053812493367539e-02
-1.967773437500000000e-01 3.660376204701740743e-01
-1.965332031250000000e-01 6.167788481220246588e-01
-1.962890625000000000e-01 7.505931839063564315e-01
-1.960449218750000000e-01 7.409257821021544288e-01
-1.958007812500000000e-01 5.948147687304499165e-01
-1.955566406250000000e-01 3.490055297987408878e-01
-1.953125000000000000e-01 5.907558959330549975e-02
-1.950683593750000000e-01 -2.149652351682404539e-01
-1.948242187500000000e-01 -4.226625754524803713e-01
-1.945800781250000000e-01 -5.333784936213927796e-01
-1.943359375000000000e-01 -5.408750564118313120e-01
-1.940917968750000000e-01 -4.618903358571674334e-01
-1.938476562500000000e-01 -3.298023898287772426e-01
-1.936035156250000000e-01 -1.854058782931948257e-01
-1.933593750000000000e-01 -6.714773220486427996e-02
-1.931152343750000000e-01 -2.939495812720099854e-03
-1.928710937500000000e-01 -5.047654428567346918e-03
-1.926269531250000000e-01 -6.876002902173486420e-02
-1.923828125000000000e-01 -1.747195194936921325e-01
-1.921386718750000000e-01 -2.941412898893173145e-01
-1.918945312500000000e-01 -3.956660175882430464e-01
-1.916503906250000000e-01 -4.523850220551518531e-01
-1.914062500000000000e-01 -4.476089288021298795e-01
-1.911621093750000000e-01 -3.782292483340196076e-01
-1.909179687500000000e-01 -2.550140838560092660e-01
-1.906738281250000000e-01 -9.982573898818790370e-02
-1.904296875000000000e-01 5.955917309489419664e-02
-1.901855468750000000e-01 1.957647491614213364e-01
-1.899414062500000000e-01 2.877064467618794530e-01
-1.896972656250000000e-01 3.246122315128793234e-01
-1.894531250000000000e-01 3.072652792223613538e-01
-1.892089843750000000e-01 2.463749746079776926e-01
-1.889648437500000000e-01 1.588145880738340010e-01
-1.887207031250000000e-01 6.302370679906844908e-02
-1.884765625000000000e-01 -2.503223001125728930e-02
-1.882324218750000000e-01 -9.433943110316869718e-02
-1.879882812500000000e-01 -1.394387464987640601e-01
-1.877441406250000000e-01 -1.595522787380613261e-01
-1.875000000000000000e-01 -1.570664574306122052e-01
-1.872558593750000000e-01 -1.362025319315361971e-01
-1.870117187500000000e-01 -1.023084670369437676e-01
-1.867675781250000000e-01 -6.164190500640178566e-02
-1.865234375000000000e-01 -2.109077043228673246e-02
-1.862792968750000000e-01 1.276017213220416446e-02
-1.860351562500000000e-01 3.540456408830990748e-02
-1.857910156250000000e-01 4.654625527522306822e-02
-1.855468750000000000e-01 5.150722921973965862e-02
-1.853027343750000000e-01 6.068745657931599174e-02
-1.850585937500000000e-01 8.637431041869947368e-02
-1.848144531250000000e-01 1.372993670834593838e-01
-1.845703125000000000e-01 2.126134195014119377e-01
-1.843261718750000000e-01 2.978108052025371100e-01
-1.840820312500000000e-01 3.650640599935301434e-01
-1.838378906250000000e-01 3.792337046996204220e-01
-1.835937500000000000e-01 3.087678842961931180e-01
-1.833496093750000000e-01 1.385037377839027084e-01
-1.831054687500000000e-01 -1.200753705831281992e-01
-1.828613281250000000e-01 -4.255427247122057777e-01
-1.826171875000000000e-01 -7.128387296402510787e-01
-1.823730468750000000e-01 -9.087454064990261315e-01
-1.821289062500000000e-01 -9.526719832300958313e-01
-1.818847656250000000e-01 -8.164351424718191419e-01
-1.816406250000000000e-01 -5.162521749593289577e-01
-1.813964843750000000e-01 -1.121009611226128633e-01
-1.811523437500000000e-01 3.065328528849001755e-01
-1.809082031250000000e-01 6.449454253697872730e-01
-1.806640625000000000e-01 8.303182318553959940e-01
-1.804199218750000000e-01 8.330451848439983653e-01
-1.801757812500000000e-01 6.752169752706226324e-01
-1.799316406250000000e-01 4.232040564563898100e-01
-1.796875000000000000e-01 1.664595470540987110e-01
-1.794433593750000000e-01 -1.074744576953984287e-02
-1.791992187500000000e-01 -5.555019323702820033e-02
-1.789550781250000000e-01 3.783325515887805968e-02
-1.787109375000000000e-01 2.279580878610116823e-01
-1.784667968750000000e-01 4.413866228908093214e-01
-1.782226562500000000e-01 5.980303928712621397e-01
-1.779785156250000000e-01 6.380298635797345685e-01
-1.777343750000000000e-01 5.412169159413265929e-01
-1.774902343750000000e-01 3.328541193591929570e-01
-1.772460937500000000e-01 7.409801709720983953e-02
-1.770019531250000000e-01 -1.591599371760055726e-01
-1.767578125000000000e-01 -3.015627715861962654e-01
-1.765136718750000000e-01 -3.189680957393647986e-01
-1.762695312500000000e-01 -2.176975974734814967e-01
-1.760253906250000000e-01 -3.970950970161427063e-02
-1.757812500000000000e-01 1.539566345100230327e-01
-1.755371093750000000e-01 3.051132037542750863e-01
-1.752929687500000000e-01 3.777777198036077477e-01
-1.750488281250000000e-01 3.682699467497255186e-01
-1.748046875000000000e-01 3.029906031449671744e-01
-1.745605468750000000e-01 2.253876565387605002e-01
-1.743164062500000000e-01 1.774630639546175837e-01
-1.740722656250000000e-01 1.829371973134634732e-01
-1.738281250000000000e-01 2.383009862881839136e-01
-1.735839843750000000e-01 3.148503742180234766e-01
-1.733398437500000000e-01 3.706188444516460567e-01
-1.730957031250000000e-01 3.674555814606862425e-01
-1.728515625000000000e-01 2.866733885329009190e-01
-1.726074218750000000e-01 1.373433276426799798e-01
-1.723632812500000000e-01 -4.585002345042699101e-02
-1.721191406250000000e-01 -2.143507741631631713e-01
-1.718750000000000000e-01 -3.226839639737449361e-01
-1.716308593750000000e-01 -3.443669289987357773e-01
-1.713867187500000000e-01 -2.809956815890136128e-01
-1.711425781250000000e-01 -1.612945694277746200e-01
-1.708984375000000000e-01 -3.060659304362241262e-02
-1.706542968750000000e-01 6.525824506849263462e-02
-1.704101562500000000e-01 9.594267080839383177e-02
-1.701660156250000000e-01 5.654860244326671836e-02
-1.699218750000000000e-01 -3.172817940445105123e-02
-1.696777343750000000e-01 -1.303770733249980385e-01
-1.694335937500000000e-01 -1.984378008237482338e-01
-1.691894531250000000e-01 -2.079993232965343108e-01
-1.689453125000000000e-01 -1.547300919486394866e-01
-1.687011718750000000e-01 -5.967462878113202751e-02
-1.684570312500000000e-01 3.831166415446063400e-02
-1.682128906250000000e-01 9.680472983518334518e-02
-1.679687500000000000e-01 8.570955045101079361e-02
-1.677246093750000000e-01 -7.859483639934827792e-04
-1.674804687500000000e-01 -1.404559947716730872e-01
-1.672363281250000000e-01 -2.889585264239330487e-01
-1.669921875000000000e-01 -3.936508073374564431e-01
-1.667480468750000000e-01 -4.108605710475022876e-01
-1.665039062500000000e-01 -3.209842050964898941e-01
-1.662597656250000000e-01 -1.364285875316338936e-01
-1.660156250000000000e-01 1.003333450542396310e-01
-1.657714843750000000e-01 3.281944683955791975e-01
-1.655273437500000000e-01 4.849269890489051882e-01
-1.652832031250000000e-01 5.254325898599432332e-01
-1.650390625000000000e-01 4.351168548314996998e-01
-1.647949218750000000e-01 2.342614819678255633e-01
-1.645507812500000000e-01 -2.795626359383096560e-02
-1.643066406250000000e-01 -2.879463397332326369e-01
-1.640625000000000000e-01 -4.862157416802359022e-01
-1.638183593750000000e-01 -5.842089778399472966e-01
-1.635742187500000000e-01 -5.743552764841030056e-01
-1.633300781250000000e-01 -4.803851847076697767e-01
-1.630859375000000000e-01 -3.480783258118158585e-01
-1.628417968750000000e-01 -2.296143030616984715e-01
-1.625976562500000000e-01 -1.666493246204347467e-01
-1.623535156250000000e-01 -1.775157937947375308e-01
-1.621093750000000000e-01 -2.524806480866040870e-01
-1.618652343750000000e-01 -3.583075244865448483e-01
-1.616210937500000000e-01 -4.503441556244189292e-01
-1.613769531250000000e-01 -4.879844911351782222e-01
-1.611328125000000000e-01 -4.483863527725473475e-01
-1.608886718750000000e-01 -3.340396443544535465e-01
-1.606445312500000000e-01 -1.719039029444489053e-01
-1.604003906250000000e-01 -4.640744400074864329e-03
-1.601562500000000000e-01 1.229770970373305905e-01
-1.599121093750000000e-01 1.779243497129885943e-01
-1.596679687500000000e-01 1.485604338995967222e-01
-1.594238281250000000e-01 4.710469418809537512e-02
-1.591796875000000000e-01 -9.551340955482071071e-02
-1.589355468750000000e-01 -2.403402878928735942e-01
-1.586914062500000000e-01 -3.527697755499560328e-01
-1.584472656250000000e-01 -4.123567268724906976e-01
-1.582031250000000000e-01 -4.169037943827367809e-01
-1.579589843750000000e-01 -3.797873303149473245e-01
-1.577148437500000000e-01 -3.219183739638167840e-01
-1.574707031250000000e-01 -2.616083292328150178e-01
-1.572265625000000000e-01 -2.062847910931519535e-01
-1.569824218750000000e-01 -1.492667626640589440e-01
-1.567382812500000000e-01 -7.293435836682145290e-02
-1.564941406250000000e-01 4.272891018402050212e-02
-1.562500000000000000e-01 2.092740113902609722e-01
-1.560058593750000000e-01 4.206645787102690770e-01
-1.557617187500000000e-01 6.495776802966852781e-01
-1.555175781250000000e-01 8.511378314262270095e-01
-1.552734375000000000e-01 9.736504964988853539e-01
-1.550292968750000000e-01 9.734732674728261426e-01
-1.547851562500000000e-01 8.295574405534689166e-01
-1.545410156250000000e-01 5.529699413786962614e-01
-1.542968750000000000e-01 1.879889865548524663e-01
-1.540527343750000000e-01 -1.962078971585278775e-01
-1.538085937500000000e-01 -5.214198434521393200e-01
-1.535644531250000000e-01 -7.196760686098965243e-01
-1.533203125000000000e-01 -7.505569716390989576e-01
-1.530761718750000000e-01 -6.117269254864458050e-01
-1.528320312500000000e-01 -3.397194693507571972e-01
-1.525878906250000000e-01 -7.751521666546773437e-04
-1.523437500000000000e-01 3.256855577494872644e-01
-1.520996093750000000e-01 5.663997303802210670e-01
-1.518554687500000000e-01 6.712541710887589552e-01
-1.516113281250000000e-01 6.236653682459497583e-01
-1.513671875000000000e-01 4.421159070920496759e-01
-1.511230468750000000e-01 1.731296520043071052e-01
-1.508789062500000000e-01 -1.218039611800462996e-01
-1.506347656250000000e-01 -3.815167024152246178e-01
-1.503906250000000000e-01 -5.586746824812260925e-01
-1.501464843750000000e-01 -6.284753410846153354e-01
-1.499023437500000000e-01 -5.911076757706339446e-01
-1.496582031250000000e-01 -4.683061443609854435e-01
-1.494140625000000000e-01 -2.957054311405041269e-01
-1.491699218750000000e-01 -1.133948451684928249e-01
-1.489257812500000000e-01 4.297826290075269784e-02
-1.486816406250000000e-01 1.488232162351731669e-01
-1.484375000000000000e-01 1.940812453062553677e-01
-1.481933593750000000e-01 1.835220020309960287e-01
-1.479492187500000000e-01 1.343738244789096092e-01
-1.477050781250000000e-01 7.203740948497715235e-02
-1.474609375000000000e-01 2.465077784728347821e-02
-1.472167968750000000e-01 1.723297095975245830e-02
-1.469726562500000000e-01 6.616070464417200814e-02
-1.467285156250000000e-01 1.748441355504323225e-01
-1.464843750000000000e-01 3.315611422432597211e-01
-1.462402343750000000e-01 5.103135660625338632e-01
-1.459960937500000000e-01 6.751450739576626559e-01
-1.457519531250000000e-01 7.875946616613964668e-01
-1.455078125000000000e-01 8.160045495256874615e-01
-1.452636718750000000e-01 7.445470790584965970e-01
-1.450195312500000000e-01 5.794234022405209128e-01
-1.447753906250000000e-01 3.499873649091974626e-01
-1.445312500000000000e-01 1.036402289901622309e-01
-1.442871093750000000e-01 -1.049641203646061449e-01
-1.440429687500000000e-01 -2.280225834016313680e-01
-1.437988281250000000e-01 -2.382310009712750865e-01
-1.435546875000000000e-01 -1.378404996040924757e-01
-1.433105468750000000e-01 4.009912494006817596e-02
-1.430664062500000000e-01 2.394628211583944011e-01
-1.428222656250000000e-01 3.962215020660137532e-01
-1.425781250000000000e-01 4.570715726799571277e-01
-1.423339843750000000e-01 3.960878186437719051e-01
-1.420898437500000000e-01 2.241113606693831140e-01
-1.418457031250000000e-01 -1.257612625118752214e-02
-1.416015625000000000e-01 -2.446496758055595744e-01
-1.413574218750000000e-01 -4.001117760801736756e-01
-1.411132812500000000e-01 -4.267997844716677758e-01
-1.408691406250000000e-01 -3.101108733488687763e-01
-1.406250000000000000e-01 -8.007540404674493018e-02
-1.403808593750000000e-01 1.950927491984357498e-01
-1.401367187500000000e-01 4.277315496115073334e-01
-1.398925781250000000e-01 5.365517559062066288e-01
-1.396484375000000000e-01 4.718171044000428749e-01
-1.394042968750000000e-01 2.319674527261322838e-01
-1.391601562500000000e-01 -1.338930903542883966e-01
-1.389160156250000000e-01 -5.389758909663017183e-01
-1.386718750000000000e-01 -8.837169168159904054e-01
-1.384277343750000000e-01 -1.085138271059661541e+00
-1.381835937500000000e-01 -1.101513801884375088e+00
-1.379394531250000000e-01 -9.444336689063356216e-01
-1.376953125000000000e-01 -6.742254249591314030e-01
-1.374511718750000000e-01 -3.799898496875440679e-01
-1.372070312500000000e-01 -1.505420577580882102e-01
-1.369628906250000000e-01 -4.563394312085641835e-02
-1.367187500000000000e-01 -7.688815221468198180e-02
-1.364746093750000000e-01 -2.047959479906359959e-01
-1.362304687500000000e-01 -3.528779652672747180e-01
-1.359863281250000000e-01 -4.344010646035824097e-01
-1.357421875000000000e-01 -3.828042710038944696e-01
-1.354980468750000000e-01 -1.756660931948109683e-01
-1.352539062500000000e-01 1.558751868668997731e-01
-1.350097656250000000e-01 5.355275271219225308e-01
-1.347656250000000000e-01 8.654217844958737027e-01
-1.345214843750000000e-01 1.057141860665017141e+00
-1.342773437500000000e-01 1.060015238733693188e+00
-1.340332031250000000e-01 8.774138517095676493e-01
-1.337890625000000000e-01 5.658415002321439680e-01
-1.335449218750000000e-01 2.173058913852057850e-01
-1.333007812500000000e-01 -6.906291921300736214e-02
-1.330566406250000000e-01 -2.168173321063665837e-01
-1.328125000000000000e-01 -1.939018896289415039e-01
-1.325683593750000000e-01 -1.971627544924270392e-02
-1.323242187500000000e-01 2.439961286218831904e-01
-1.320800781250000000e-01 5.146391245560957284e-01
-1.318359375000000000e-01 7.150112552912482045e-01
-1.315917968750000000e-01 7.955739832385708699e-01
-1.313476562500000000e-01 7.458605158712741101e-01
-1.311035156250000000e-01 5.922110582759498865e-01
-1.308593750000000000e-01 3.838146906388092972e-01
-1.306152343750000000e-01 1.728872036110065402e-01
-1.303710937500000000e-01 -3.568414613937254121e-03
-1.301269531250000000e-01 -1.340518855797231401e-01
-1.298828125000000000e-01 -2.318211248390560364e-01
-1.296386718750000000e-01 -3.242586392563286402e-01
-1.293945312500000000e-01 -4.371211748776532291e-01
-1.291503906250000000e-01 -5.801782257179883828e-01
-1.289062500000000000e-01 -7.400091090447025177e-01
-1.286621093750000000e-01 -8.828555619700808599e-01
-1.284179687500000000e-01 -9.665209160580746639e-01
-1.281738281250000000e-01 -9.568279218406650077e-01
-1.279296875000000000e-01 -8.423718007543534725e-01
-1.276855468750000000e-01 -6.418628218362026905e-01
-1.274414062500000000e-01 -4.010107804704610701e-01
-1.271972656250000000e-01 -1.796725676668789740e-01
-1.269531250000000000e-01 -3.349418238174781126e-02
-1.267089843750000000e-01 3.719652418790936332e-03
-1.264648437500000000e-01 -6.912682840153641650e-02
-1.262207031250000000e-01 -2.200475377087912909e-01
-1.259765625000000000e-01 -3.942496557519164502e-01
-1.257324218750000000e-01 -5.316121315317881013e-01
-1.254882812500000000e-01 -5.855433006544620289e-01
-1.252441406250000000e-01 -5.370220047208371650e-01
-1.250000000000000000e-01 -3.993472478003038395e-01
-1.247558593750000000e-01 -2.123041072777787086e-01
-1.245117187500000000e-01 -2.799140161648150382e-02
-1.242675781250000000e-01 1.067455207267634376e-01
-1.240234375000000000e-01 1.653557062419392376e-01
-1.237792968750000000e-01 1.491988405111485949e-01
-1.235351562500000000e-01 8.546411506312828754e-02
-1.232910156250000000e-01 1.642256320114010570e-02
-1.230468750000000000e-01 -1.609986092684552450e-02
-1.228027343750000000e-01 1.433039930267961115e-02
-1.225585937500000000e-01 1.093901328077170332e-01
-1.223144531250000000e-01 2.452185150105958833e-01
-1.220703125000000000e-01 3.802866613166882570e-01
-1.218261718750000000e-01 4.691178294059810128e-01
-1.215820312500000000e-01 4.772047893454496315e-01
-1.213378906250000000e-01 3.922150023612361314e-01
-1.210937500000000000e-01 2.279525743127149562e-01
-1.208496093750000000e-01 2.004412642545305712e-02
-1.206054687500000000e-01 -1.849434802899040942e-01
-1.203613281250000000e-01 -3.431922689843507346e-01
-1.201171875000000000e-01 -4.256646072278867377e-01
-1.198730468750000000e-01 -4.248344808573727427e-01
-1.196289062500000000e-01 -3.544629494321671070e-01
-1.193847656250000000e-01 -2.431608137633506916e-01
-1.191406250000000000e-01 -1.244310996800744584e-01
-1.188964843750000000e-01 -2.673670651073291327e-02
-1.186523437500000000e-01 3.331076384606579399e-02
-1.184082031250000000e-01 5.301009857417057075e-02
-1.181640625000000000e-01 4.109194948721839324e-02
-1.179199218750000000e-01 1.242575150429908043e-02
-1.176757812500000000e-01 -1.771036753978530442e-02
-1.174316406250000000e-01 -3.775452922263000666e-02
-1.171875000000000000e-01 -4.140060913440474222e-02
-1.169433593750000000e-01 -2.683693551086213658e-02
-1.166992187500000000e-01 5.116845537900621688e-03
-1.164550781250000000e-01 5.256693419966135955e-02
-1.162109375000000000e-01 1.129019240325493528e-01
-1.159667968750000000e-01 1.819752068247936783e-01
-1.157226562500000000e-01 2.529795757892622232e-01
-1.154785156250000000e-01 3.162073645735905547e-01
-1.152343750000000000e-01 3.605299576153158103e-01
-1.149902343750000000e-01 3.765447260151101871e-01
-1.147460937500000000e-01 3.603426939995363343e-01
-1.145019531250000000e-01 3.162335337842184790e-01
-1.142578125000000000e-01 2.568684616966079304e-01
-1.140136718750000000e-01 2.000701643643411631e-01
-1.137695312500000000e-01 1.630198705203766696e-01
-1.135253906250000000e-01 1.557319497339155201e-01
-1.132812500000000000e-01 1.763927630915900213e-01
-1.130371093750000000e-01 2.107807631748614685e-01
-1.127929687500000000e-01 2.366339900007801422e-01
-1.125488281250000000e-01 2.319309555952561164e-01
-1.123046875000000000e-01 1.843261136648867704e-01
-1.120605468750000000e-01 9.815835369714606684e-02
-1.118164062500000000e-01 -4.042983318079035326e-03
-1.115722656250000000e-01 -8.686297886654503753e-02
-1.113281250000000000e-01 -1.129662178903823033e-01
-1.110839843750000000e-01 -5.630499844095171458e-02
-1.108398437500000000e-01 8.703463618968537707e-02
-1.105957031250000000e-01 2.945167612575419480e-01
-1.103515625000000000e-01 5.215036376262546236e-01
-1.101074218750000000e-01 7.134184082323953291e-01
-1.098632812500000000e-01 8.219973124991254432e-01
-1.096191406250000000e-01 8.202284069717606929e-01
-1.093750000000000000e-01 7.107900982296020409e-01
-1.091308593750000000e-01 5.249226820989527642e-01
-1.088867187500000000e-01 3.119744070890257959e-01
-1.086425781250000000e-01 1.231707221454095835e-01
-1.083984375000000000e-01 -4.758112438587785986e-03
-1.081542968750000000e-01 -6.037821625866190978e-02
-1.079101562500000000e-01 -5.905888294256453341e-02
-1.076660156250000000e-01 -3.481752413858621442e-02
-1.074218750000000000e-01 -2.564398204217049893e-02
-1.071777343750000000e-01 -5.782147809177223818e-02
-1.069335937500000000e-01 -1.351215402484968187e-01
-1.066894531250000000e-01 -2.369456001326482042e-01
-1.064453125000000000e-01 -3.261649192686767451e-01
-1.062011718750000000e-01 -3.637849074669218252e-01
-1.059570312500000000e-01 -3.249619113559325534e-01
-1.057128906250000000e-01 -2.102951603494969957e-01
-1.054687500000000000e-01 -4.794798615812143061e-02
-1.052246093750000000e-01 1.145488244310906290e-01
-1.049804687500000000e-01 2.261752714410791565e-01
-1.047363281250000000e-01 2.504500564119106487e-01
-1.044921875000000000e-01 1.791348354764517592e-01
-1.042480468750000000e-01 3.652425096436323626e-02
-1.040039062500000000e-01 -1.275304653195466209e-01
-1.037597656250000000e-01 -2.537655106483949208e-01
-1.035156250000000000e-01 -2.934565282641476425e-01
-1.032714843750000000e-01 -2.254031226146193945e-01
-1.030273437500000000e-01 -6.409652876297294855e-02
-1.027832031250000000e-01 1.438369307670751551e-01
-1.025390625000000000e-01 3.338889216111166625e-01
-1.022949218750000000e-01 4.440155856395711087e-01
-1.020507812500000000e-01 4.344657245942812884e-01
-1.018066406250000000e-01 3.006842641179267028e-01
-1.015625000000000000e-01 7.518513672620566468e-02
-1.013183593750000000e-01 -1.821294979858816832e-01
-1.010742187500000000e-01 -4.020621737123435402e-01
-1.008300781250000000e-01 -5.269090436340849726e-01
-1.005859375000000000e-01 -5.275141921393237121e-01
-1.003417968750000000e-01 -4.114578559358135212e-01
-1.000976562500000000e-01 -2.200868875805864211e-01
-9.985351562500000000e-02 -1.555327127849720492e-02
-9.960937500000000000e-02 1.379738640252408111e-01
-9.936523437500000000e-02 1.931150944590291629e-01
-9.912109375000000000e-02 1.324727141708761380e-01
-9.887695312500000000e-02 -2.754397111365847195e-02
-9.863281250000000000e-02 -2.430493536618149875e-01
-9.838867187500000000e-02 -4.568542812017610810e-01
-9.814453125000000000e-02 -6.158779441325401560e-01
-9.790039062500000000e-02 -6.863959224178224350e-01
-9.765625000000000000e-02 -6.626063040714942343e-01
-9.741210937500000000e-02 -5.662383832757112989e-01
-9.716796875000000000e-02 -4.377925092018488673e-01
-9.692382812500000000e-02 -3.225741461180083869e-01
-9.667968750000000000e-02 -2.561704097566341320e-01
-9.643554687500000000e-02 -2.539775528312089303e-01
-9.619140625000000000e-02 -3.078871222214236703e-01
-9.594726562500000000e-02 -3.908090677543997749e-01
-9.570312500000000000e-02 -4.671639773231883175e-01
-9.545898437500000000e-02 -5.056315010850780389e-01
-9.521484375000000000e-02 -4.898599010286747157e-01
-9.497070312500000000e-02 -4.236624862982204531e-01
-9.472656250000000000e-02 -3.291403525114955375e-01
-9.448242187500000000e-02 -2.385303729558376218e-01
-9.423828125000000000e-02 -1.826157618482740774e-01
-9.399414062500000000e-02 -1.796143146775614485e-01
-9.375000000000000000e-02 -2.282608585705139526e-01
-9.350585937500000000e-02 -3.074177368645332198e-01
-9.326171875000000000e-02 -3.824348083062640846e-01
-9.301757812500000000e-02 -4.163042078051313322e-01
-9.277343750000000000e-02 -3.820885249637382963e-01
-9.252929687500000000e-02 -2.726286175964498515e-01
-9.228515625000000000e-02 -1.043143926985605069e-01
-9.204101562500000000e-02 8.649316734842671384e-02
-9.179687500000000000e-02 2.535078300086530678e-01
-9.155273437500000000e-02 3.540760365621543615e-01
-9.130859375000000000e-02 3.620952670142835172e-01
-9.106445312500000000e-02 2.762317188651711719e-01
-9.082031250000000000e-02 1.207638145337111002e-01
-9.057617187500000000e-02 -6.134493243176666888e-02
-9.033203125000000000e-02 -2.210831498947579687e-01
-9.008789062500000000e-02 -3.178310265169646542e-01
-8.984375000000000000e-02 -3.310708556076852327e-01
-8.959960937500000000e-02 -2.656708146993843611e-01
-8.935546875000000000e-02 -1.490926898194536443e-01
-8.911132812500000000e-02 -2.148694936052568394e-02
-8.886718750000000000e-02 7.804152785021883920e-02
-8.862304687500000000e-02 1.244633140236525437e-01
-8.837890625000000000e-02 1.148618068659916086e-01
-8.813476562500000000e-02 6.885487439660357978e-02
-8.789062500000000000e-02 2.130524459362710676e-02
-8.764648437500000000e-02 9.774113334480416526e-03
-8.740234375000000000e-02 6.090830433778768316e-02
-8.715820312500000000e-02 1.803148248550734412e-01
-8.691406250000000000e-02 3.493583741129858700e-01
-8.666992187500000000e-02 5.300801664454550810e-01
-8.642578125000000000e-02 6.767946786159517725e-01
-8.618164062500000000e-02 7.507159931503382122e-01
-8.593750000000000000e-02 7.329052713527264284e-01
-8.569335937500000000e-02 6.312699652013731288e-01
-8.544921875000000000e-02 4.791694863924507164e-01
-8.520507812500000000e-02 3.258351673883513322e-01
-8.496093750000000000e-02 2.214613654673379672e-01
-8.471679687500000000e-02 2.016162198249045467e-01
-8.447265625000000000e-02 2.759537929561353131e-01
-8.422851562500000000e-02 4.249365770557466115e-01
-8.398437500000000000e-02 6.057668909529226875e-01
-8.374023437500000000e-02 7.657600054910325138e-01
-8.349609375000000000e-02 8.589297776384061667e-01
-8.325195312500000000e-02 8.604291855167474079e-01
-8.300781250000000000e-02 7.741128208623130336e-01
-8.276367187500000000e-02 6.307099707554884027e-01
-8.251953125000000000e-02 4.772058202620025891e-01
-8.227539062500000000e-02 3.609827115852834445e-01
-8.203125000000000000e-02 3.140544779073479731e-01
-8.178710937500000000e-02 3.427025575406540403e-01
-8.154296875000000000e-02 4.259826448942448107e-01
-8.129882812500000000e-02 5.235402569380934734e-01
-8.105468750000000000e-02 5.899962757451380213e-01
-8.081054687500000000e-02 5.909327289332358957e-01
-8.056640625000000000e-02 5.149854515550335021e-01
-8.032226562500000000e-02 3.779027577188734943e-01
-8.007812500000000000e-02 2.171866835163740184e-01
-7.983398437500000000e-02 7.915405897637725618e-02
-7.958984375000000000e-02 2.847814869152753836e-03
-7.934570312500000000e-02 6.319002165858400577e-03
-7.910156250000000000e-02 8.001756041652866025e-02
-7.885742187500000000e-02 1.896349258531040416e-01
-7.861328125000000000e-02 2.875367381651839360e-01
-7.836914062500000000e-02 3.289856169532817676e-01
-7.812500000000000000e-02 2.876740187767999890e-01
-7.788085937500000000e-02 1.652438952889788149e-01
-7.763671875000000000e-02 -8.567080008715199924e-03
-7.739257812500000000e-02 -1.853818875436353264e-01
-7.714843750000000000e-02 -3.142168714570465760e-01
-7.690429687500000000e-02 -3.587882130302781913e-01
-7.666015625000000000e-02 -3.102808808238849969e-01
-7.641601562500000000e-02 -1.912249363780754163e-01
-7.617187500000000000e-02 -4.907158938920669344e-02
-7.592773437500000000e-02 5.849315761200932218e-02
-7.568359375000000000e-02 8.169187382851791912e-02
-7.543945312500000000e-02 -5.690483305369975486e-03
-7.519531250000000000e-02 -1.982174376723133680e-01
-7.495117187500000000e-02 -4.607803648161764576e-01
-7.470703125000000000e-02 -7.397767041938967392e-01
-7.446289062500000000e-02 -9.796036602112943026e-01
-7.421875000000000000e-02 -1.138948187877951712e+00
-7.397460937500000000e-02 -1.201621076219300255e+00
-7.373046875000000000e-02 -1.178712717562558909e+00
-7.348632812500000000e-02 -1.101895829247884651e+00
-7.324218750000000000e-02 -1.010686436078748196e+00
-7.299804687500000000e-02 -9.383685764134001017e-01
-7.275390625000000000e-02 -9.014703577686040692e-01
-7.250976562500000000e-02 -8.961487566770482971e-01
-7.226562500000000000e-02 -9.022033361443572153e-01
-7.202148437500000000e-02 -8.926772749639970694e-01
-7.177734375000000000e-02 -8.451174683348299244e-01
-7.153320312500000000e-02 -7.502089468047188348e-01
-7.128906250000000000e-02 -6.147481618611365661e-01
-7.104492187500000000e-02 -4.582500143454909525e-01
-7.080078125000000000e-02 -3.049722986773205635e-01
-7.055664062500000000e-02 -1.748229885599036360e-01
-7.031250000000000000e-02 -7.685682217863215593e-02
-7.006835937500000000e-02 -7.814807023509784401e-03
-6.982421875000000000e-02 4.403956694860033938e-02
-6.958007812500000000e-02 9.175809881822852287e-02
-6.933593750000000000e-02 1.425232963815691312e-01
-6.909179687500000000e-02 1.936553116691558662e-01
-6.884765625000000000e-02 2.335777725333368915e-01
-6.860351562500000000e-02 2.473294287546585757e-01
-6.835937500000000000e-02 2.242075902885991012e-01
-6.811523437500000000e-02 1.641391504758756836e-01
-6.787109375000000000e-02 7.981379787390192881e-02
-6.762695312500000000e-02 -6.677554704932739393e-03
-6.738281250000000000e-02 -7.165526162608963634e-02
-6.713867187500000000e-02 -9.911068909976959718e-02
-6.689453125000000000e-02 -8.761213949296992043e-02
-6.665039062500000000e-02 -5.179501993713903074e-02
-6.640625000000000000e-02 -1.741163106762910751e-02
-6.616210937500000000e-02 -1.147919215747791877e-02
-6.591796875000000000e-02 -5.114324257842892130e-02
-6.567382812500000000e-02 -1.356137762725650453e-01
-6.542968750000000000e-02 -2.445785828287342367e-01
-6.518554687500000000e-02 -3.441526230420409727e-01
-6.494140625000000000e-02 -3.985441355403918084e-01
-6.469726562500000000e-02 -3.833077272623721665e-01
-6.445312500000000000e-02 -2.952266313805316233e-01
-6.420898437500000000e-02 -1.548885498291924234e-01
-6.396484375000000000e-02 -5.629999643393668318e-04
-6.372070312500000000e-02 1.248527909606201719e-01
-6.347656250000000000e-02 1.894225714751858192e-01
-6.323242187500000000e-02 1.847640787155741260e-01
-6.298828125000000000e-02 1.309256075571045841e-01
-6.274414062500000000e-02 7.134579569565605017e-02
-6.250000000000000000e-02 5.909028109779437821e-02
-6.225585937500000000e-02 1.386630030180928397e-01
-6.201171875000000000e-02 3.294121717659064252e-01
-6.176757812500000000e-02 6.162540532994296161e-01
-6.152343750000000000e-02 9.511730525258297320e-01
-6.127929687500000000e-02 1.265460306405433055e+00
-6.103515625000000000e-02 1.489098979079594987e+00
-6.079101562500000000e-02 1.571297673623432978e+00
-6.054687500000000000e-02 1.495729489753593100e+00
-6.030273437500000000e-02 1.285697851331197850e+00
-6.005859375000000000e-02 9.976518257636926013e-01
-5.981445312500000000e-02 7.051360515681447394e-01
-5.957031250000000000e-02 4.781762271576418533e-01
-5.932617187500000000e-02 3.643465726143139127e-01
-5.908203125000000000e-02 3.770051535037581281e-01
-5.883789062500000000e-02 4.937589619192667145e-01
-5.859375000000000000e-02 6.650017936988998901e-01
-5.834960937500000000e-02 8.294204478967357463e-01
-5.810546875000000000e-02 9.315792406965355266e-01
-5.786132812500000000e-02 9.365064306412891337e-01
-5.761718750000000000e-02 8.375101410880663177e-01
-5.737304687500000000e-02 6.556946665752647618e-01
-5.712890625000000000e-02 4.320724566612864637e-01
-5.688476562500000000e-02 2.150699451769338966e-01
-5.664062500000000000e-02 4.715636712077764248e-02
-5.639648437500000000e-02 -4.583159974480124910e-02
-5.615234375000000000e-02 -6.015100761706027033e-02
-5.590820312500000000e-02 -1.344925360320667340e-02
-5.566406250000000000e-02 6.141755473431831369e-02
-5.541992187500000000e-02 1.260443919302406124e-01
-5.517578125000000000e-02 1.468942380968827899e-01
-5.493164062500000000e-02 1.037418042885660668e-01
-5.468750000000000000e-02 -5.922172994595562012e-03
-5.444335937500000000e-02 -1.674374438797796016e-01
-5.419921875000000000e-02 -3.540300893207372068e-01
-5.395507812500000000e-02 -5.347316517540916525e-01
-5.371093750000000000e-02 -6.827837363920172820e-01
-5.346679687500000000e-02 -7.821074912531156276e-01
-5.322265625000000000e-02 -8.300927349942471833e-01
-5.297851562500000000e-02 -8.361616376631877401e-01
-5.273437500000000000e-02 -8.169109353647514560e-01
-5.249023437500000000e-02 -7.896920019731235030e-01
-5.224609375000000000e-02 -7.668935654201238794e-01
-5.200195312500000000e-02 -7.528117414138655317e-01
-5.175781250000000000e-02 -7.439709052513093779e-01
-5.151367187500000000e-02 -7.324752964055245563e-01
-5.126953125000000000e-02 -7.108960860945194860e-01
-5.102539062500000000e-02 -6.767142888623185470e-01
-5.078125000000000000e-02 -6.345963496350841559e-01
-5.053710937500000000e-02 -5.956464978029056834e-01
-5.029296875000000000e-02 -5.739122542129472260e-01
-5.004882812500000000e-02 -5.813991608511119846e-01
-4.980468750000000000e-02 -6.233479622515449847e-01
-4.956054687500000000e-02 -6.954093282793467612e-01
-4.931640625000000000e-02 -7.837043217107493298e-01
-4.907226562500000000e-02 -8.678296331591823787e-01
-4.882812500000000000e-02 -9.259595756659715349e-01
-4.858398437500000000e-02 -9.405766727073324729e-01
-4.833984375000000000e-02 -9.031890070903701995e-01
-4.809570312500000000e-02 -8.166917425778015271e-01
-4.785156250000000000e-02 -6.947010808689063621e-01
-4.760742187500000000e-02 -5.580369283475496989e-01
-4.736328125000000000e-02 -4.293218673579653477e-01
-4.711914062500000000e-02 -3.271839694143121591e-01
-4.687500000000000000e-02 -2.616563668101959395e-01
-4.663085937500000000e-02 -2.320235730191439749e-01
-4.638671875000000000e-02 -2.276628893547897603e-01
-4.614257812500000000e-02 -2.315639729810055059e-01
-4.589843750000000000e-02 -2.254328846784042495e-01
-4.565429687500000000e-02 -1.948373351009468346e-01
-4.541015625000000000e-02 -1.328755479940932627e-01
-4.516601562500000000e-02 -4.135109643432477444e-02
-4.492187500000000000e-02 7.075056195289960992e-02
-4.467773437500000000e-02 1.908298682616343667e-01
-4.443359375000000000e-02 3.070079728733989266e-01
-4.418945312500000000e-02 4.117559569069585423e-01
-4.394531250000000000e-02 5.036259655149784020e-01
-4.370117187500000000e-02 5.865467061996694209e-01
-4.345703125000000000e-02 6.669698979629368196e-01
-4.321289062500000000e-02 7.498998703619917938e-01
-4.296875000000000000e-02 8.352774818882794383e-01
-4.272460937500000000e-02 9.161668473463092655e-01
-4.248046875000000000e-02 9.796740344944614431e-01
-4.223632812500000000e-02 1.010628517118261627e+00
-4.199218750000000000e-02 9.970452617582898913e-01
-4.174804687500000000e-02 9.356032102723951249e-01
-4.150390625000000000e-02 8.351332213328698240e-01
-4.125976562500000000e-02 7.165536534804337609e-01
-4.101562500000000000e-02 6.087389986145917975e-01
-4.077148437500000000e-02 5.411464179893422655e-01
-4.052734375000000000e-02 5.352164761441623453e-01
-4.028320312500000000e-02 5.971843619107672918e-01
-4.003906250000000000e-02 7.147293061781386792e-01
-3.979492187500000000e-02 8.588603883162877484e-01
-3.955078125000000000e-02 9.908703694324726419e-01
-3.930664062500000000e-02 1.072565774652417758e+00
-3.906250000000000000e-02 1.076831516188267557e+00
-3.881835937500000000e-02 9.953228719042067629e-01
-3.857421875000000000e-02 8.408428997334483901e-01
-3.833007812500000000e-02 6.435674342294063210e-01
-3.808593750000000000e-02 4.422283457631954184e-01
-3.784179687500000000e-02 2.730126144900856811e-01
-3.759765625000000000e-02 1.597032931798926525e-01
-3.735351562500000000e-02 1.081820436839060484e-01
-3.710937500000000000e-02 1.069342583300531557e-01
-3.686523437500000000e-02 1.331301467458066989e-01
-3.662109375000000000e-02 1.619096198297498013e-01
-3.637695312500000000e-02 1.753737294353607257e-01
-3.613281250000000000e-02 1.679161473752960876e-01
-3.588867187500000000e-02 1.459134862533123522e-01
-3.564453125000000000e-02 1.219684797504037299e-01
-3.540039062500000000e-02 1.060806791833975304e-01
-3.515625000000000000e-02 9.747675493082647025e-02
-3.491210937500000000e-02 8.080479974978461988e-02
-3.466796875000000000e-02 2.891570281690422628e-02
-3.442382812500000000e-02 -8.800448444543329529e-02
-3.417968750000000000e-02 -2.897549305447328916e-01
-3.393554687500000000e-02 -5.744141028021761963e-01
-3.369140625000000000e-02 -9.122967624841777923e-01
-3.344726562500000000e-02 -1.248712814261849546e+00
-3.320312500000000000e-02 -1.515841604674782461e+00
-3.295898437500000000e-02 -1.650856412842080179e+00
-3.271484375000000000e-02 -1.614994467725208382e+00
-3.247070312500000000e-02 -1.407460834108120284e+00
-3.222656250000000000e-02 -1.069258343456342075e+00
-3.198242187500000000e-02 -6.749589224374763496e-01
-3.173828125000000000e-02 -3.141786035985902337e-01
-3.149414062500000000e-02 -6.787129310608708277e-02
-3.125000000000000000e-02 1.361496405772533169e-02
-3.100585937500000000e-02 -7.588013890028799668e-02
-3.076171875000000000e-02 -2.972549483452494035e-01
-3.051757812500000000e-02 -5.779258709114301062e-01
-3.027343750000000000e-02 -8.328763215892005523e-01
-3.002929687500000000e-02 -9.885881712985159497e-01
-2.978515625000000000e-02 -1.002697832809255729e+00
-2.954101562500000000e-02 -8.737141849333582844e-01
-2.929687500000000000e-02 -6.383900951148913094e-01
-2.905273437500000000e-02 -3.582684689067768824e-01
-2.880859375000000000e-02 -1.002283042202608554e-01
-2.856445312500000000e-02 8.253737949438780253e-02
-2.832031250000000000e-02 1.632549939590827170e-01
-2.807617187500000000e-02 1.446473642276907001e-01
-2.783203125000000000e-02 5.247057786356540410e-02
-2.758789062500000000e-02 -7.713503098248064571e-02
-2.734375000000000000e-02 -2.112591912510294045e-01
-2.709960937500000000e-02 -3.296996777178338167e-01
-2.685546875000000000e-02 -4.271956334983044723e-01
-2.661132812500000000e-02 -5.083846698635710037e-01
-2.636718750000000000e-02 -5.784301273865243287e-01
-2.612304687500000000e-02 -6.340043099526204706e-01
-2.587890625000000000e-02 -6.591422726962072876e-01
-2.563476562500000000e-02 -6.284509997157402550e-01
-2.539062500000000000e-02 -5.170355116894360670e-01
-2.514648437500000000e-02 -3.134865551515279014e-01
-2.490234375000000000e-02 -3.055650918975372221e-02
-2.465820312500000000e-02 2.915300448511107256e-01
-2.441406250000000000e-02 5.918299946147583812e-01
-2.416992187500000000e-02 8.045798182488760331e-01
-2.392578125000000000e-02 8.797215700009649586e-01
-2.368164062500000000e-02 8.013138609980243743e-01
-2.343750000000000000e-02 5.971432703967592959e-01
-2.319335937500000000e-02 3.353158469518274787e-01
-2.294921875000000000e-02 1.077299979069720193e-01
-2.270507812500000000e-02 4.735910674396381914e-03
-2.246093750000000000e-02 8.845032360256577242e-02
-2.221679687500000000e-02 3.729897046194989296e-01
-2.197265625000000000e-02 8.179771531522677108e-01
-2.172851562500000000e-02 1.337655671660054724e+00
-2.148437500000000000e-02 1.823111098907091998e+00
-2.124023437500000000e-02 2.171053822294187086e+00
-2.099609375000000000e-02 2.310646792689611928e+00
-2.075195312500000000e-02 2.220610766774229639e+00
-2.050781250000000000e-02 1.931999081427628440e+00
-2.026367187500000000e-02 1.516538172087618319e+00
-2.001953125000000000e-02 1.064786423902935208e+00
-1.977539062500000000e-02 6.611765735216820206e-01
-1.953125000000000000e-02 3.634411204039019183e-01
-1.928710937500000000e-02 1.919661491611771020e-01
-1.904296875000000000e-02 1.310600310797625512e-01
-1.879882812500000000e-02 1.402313035381495820e-01
-1.855468750000000000e-02 1.706470837680187091e-01
-1.831054687500000000e-02 1.808813335453742788e-01
-1.806640625000000000e-02 1.470643872593471735e-01
-1.782226562500000000e-02 6.509541521320499902e-02
-1.757812500000000000e-02 -5.434113950765223633e-02
-1.733398437500000000e-02 -1.947450564752515878e-01
-1.708984375000000000e-02 -3.425330497221039661e-01
-1.684570312500000000e-02 -4.920107262991986197e-01
-1.660156250000000000e-02 -6.450610649855313961e-01
-1.635742187500000000e-02 -8.064416755205859877e-01
-1.611328125000000000e-02 -9.774138681329395117e-01
-1.586914062500000000e-02 -1.150970656925767832e+00
-1.562500000000000000e-02 -1.311050007885199209e+00
-1.538085937500000000e-02 -1.436264998099942014e+00
-1.513671875000000000e-02 -1.506677421307216713e+00
-1.489257812500000000e-02 -1.510825494711167449e+00
-1.464843750000000000e-02 -1.450105162954637095e+00
-1.440429687500000000e-02 -1.338700013580354176e+00
-1.416015625000000000e-02 -1.199070830352352068e+00
-1.391601562500000000e-02 -1.054792274474902092e+00
-1.367187500000000000e-02 -9.235384796175675204e-01
-1.342773437500000000e-02 -8.128741530858899500e-01
-1.318359375000000000e-02 -7.202853031214653257e-01
-1.293945312500000000e-02 -6.371052608862075584e-01
-1.269531250000000000e-02 -5.543985465852185879e-01
-1.245117187500000000e-02 -4.681113348814908148e-01
-1.220703125000000000e-02 -3.811817588497578013e-01
-1.196289062500000000e-02 -3.016530307307825898e-01
-1.171875000000000000e-02 -2.375828232448443100e-01
-1.147460937500000000e-02 -1.909761848711195309e-01
-1.123046875000000000e-02 -1.535066470423432916e-01
-1.098632812500000000e-02 -1.062107488514126841e-01
-1.074218750000000000e-02 -2.385846252052803429e-02
-1.049804687500000000e-02 1.171251941390389906e-01
-1.025390625000000000e-02 3.297913436418860034e-01
-1.000976562500000000e-02 6.100180280528142429e-01
-9.765625000000000000e-03 9.346591564309514322e-01
-9.521484375000000000e-03 1.265517574199718664e+00
-9.277343750000000000e-03 1.558192815151985711e+00
-9.033203125000000000e-03 1.773157263568457598e+00
-8.789062500000000000e-03 1.885603337435324933e+00
-8.544921875000000000e-03 1.890972061198002097e+00
-8.300781250000000000e-03 1.804493442373324541e+00
-8.056640625000000000e-03 1.655041283311180944e+00
-7.812500000000000000e-03 1.475438315418958313e+00
-7.568359375000000000e-03 1.292413595620307998e+00
-7.324218750000000000e-03 1.119376155418251972e+00
-7.080078125000000000e-03 9.540927239176033581e-01
-6.835937500000000000e-03 7.816638708395240442e-01
-6.591796875000000000e-03 5.814839781209818481e-01
-6.347656250000000000e-03 3.357083785521618458e-01
-6.103515625000000000e-03 3.647384123673735878e-02
-5.859375000000000000e-03 -3.102548048607485232e-01
-5.615234375000000000e-03 -6.850923610687511545e-01
-5.371093750000000000e-03 -1.059377500305203501e+00
-5.126953125000000000e-03 -1.401464375971068765e+00
-4.882812500000000000e-03 -1.683145469924159476e+00
-4.638671875000000000e-03 -1.884463255231131784e+00
-4.394531250000000000e-03 -1.995944064659692652e+00
-4.150390625000000000e-03 -2.018218045904450531e+00
-3.906250000000000000e-03 -1.959729030788852855e+00
-3.662109375000000000e-03 -1.833573849007525736e+00
-3.417968750000000000e-03 -1.654420152748601325e+00
-3.173828125000000000e-03 -1.436081921331670230e+00
-2.929687500000000000e-03 -1.189909512825023885e+00
-2.685546875000000000e-03 -9.238737186471523977e-01
-2.441406250000000000e-03 -6.421770828483353011e-01
-2.197265625000000000e-03 -3.453652035513701812e-01
-1.953125000000000000e-03 -3.109639989433077290e-02
-1.708984375000000000e-03 3.042015192795758383e-01
-1.464843750000000000e-03 6.627106728414722259e-01
-1.220703125000000000e-03 1.041931592829685504e+00
-9.765625000000000000e-04 1.431468231245611955e+00
-7.324218750000000000e-04 1.810958870040660251e+00
-4.882812500000000000e-04 2.150204068885871678e+00
-2.441406250000000000e-04 2.412094409580093579e+00
0.000000000000000000e+00 2.558154292117465367e+00
2.441406250000000000e-04 2.555650742668911235e+00
4.882812500000000000e-04 2.384594367663996017e+00
7.324218750000000000e-04 2.042842158824210053e+00
9.765625000000000000e-04 1.547975389631497167e+00
1.220703125000000000e-03 9.355246301767305983e-01
1.464843750000000000e-03 2.541341242010418666e-01
1.708984375000000000e-03 -4.409596536550774992e-01
1.953125000000000000e-03 -1.094481742858575579e+00
2.197265625000000000e-03 -1.656350511887729082e+00
2.441406250000000000e-03 -2.084967296829434602e+00
2.685546875000000000e-03 -2.348807755624330085e+00
2.929687500000000000e-03 -2.427203040645959931e+00
3.173828125000000000e-03 -2.311360080180342003e+00
3.417968750000000000e-03 -2.006273433094596825e+00
3.662109375000000000e-03 -1.533372692884123589e+00
3.906250000000000000e-03 -9.328505406210405582e-01
4.150390625000000000e-03 -2.640128299834633152e-01
4.394531250000000000e-03 3.980059501792098109e-01
4.638671875000000000e-03 9.700964707908121820e-01
4.882812500000000000e-03 1.373230189165846271e+00
5.126953125000000000e-03 1.546834561558660059e+00
5.371093750000000000e-03 1.462368678787701270e+00
5.615234375000000000e-03 1.132484850066186155e+00
5.859375000000000000e-03 6.126892387536941875e-01
6.103515625000000000e-03 -6.049224241554240766e-03
6.347656250000000000e-03 -6.130866592894356204e-01
6.591796875000000000e-03 -1.099346883646866502e+00
6.835937500000000000e-03 -1.379381341002007710e+00
7.080078125000000000e-03 -1.409051119028783550e+00
7.324218750000000000e-03 -1.194453949241965907e+00
7.568359375000000000e-03 -7.897528353379400512e-01
7.812500000000000000e-03 -2.842923294572753945e-01
8.056640625000000000e-03 2.179181036262141657e-01
8.300781250000000000e-03 6.213512524221337374e-01
8.544921875000000000e-03 8.591149279517235060e-01
8.789062500000000000e-03 9.053383911490840985e-01
9.033203125000000000e-03 7.771182118685957541e-01
9.277343750000000000e-03 5.261186464428578846e-01
9.521484375000000000e-03 2.226061465024319619e-01
9.765625000000000000e-03 -6.343522754564374921e-02
1.000976562500000000e-02 -2.789199646100384844e-01
1.025390625000000000e-02 -3.977472016449790093e-01
1.049804687500000000e-02 -4.222062074500911866e-01
1.074218750000000000e-02 -3.762095009614007113e-01
1.098632812500000000e-02 -2.932570135680723777e-01
1.123046875000000000e-02 -2.034334935970994740e-01
1.147460937500000000e-02 -1.237300991136929956e-01
1.171875000000000000e-02 -5.460403611615909092e-02
1.196289062500000000e-02 1.656904006164533483e-02
1.220703125000000000e-02 1.068796039762155148e-01
1.245117187500000000e-02 2.275640064193424350e-01
1.269531250000000000e-02 3.759504102863426844e-01
1.293945312500000000e-02 5.327787321885273375e-01
1.318359375000000000e-02 6.660622260301584108e-01
1.342773437500000000e-02 7.403132345348539811e-01
1.367187500000000000e-02 7.280271690564577014e-01
1.391601562500000000e-02 6.194865035396988073e-01
1.416015625000000000e-02 4.274978783086635370e-01
1.440429687500000000e-02 1.853982929238040533e-01
1.464843750000000000e-02 -6.106868409305291068e-02
1.489257812500000000e-02 -2.654061312666003425e-01
1.513671875000000000e-02 -3.918967650471502639e-01
1.538085937500000000e-02 -4.235882530008130420e-01
1.562500000000000000e-02 -3.646547118097501761e-01
1.586914062500000000e-02 -2.370050048976005963e-01
1.611328125000000000e-02 -7.283413856862072655e-02
1.635742187500000000e-02 9.411235532717374119e-02
1.660156250000000000e-02 2.357871288566413259e-01
1.684570312500000000e-02 3.337963678951770263e-01
1.708984375000000000e-02 3.797403872260951552e-01
1.733398437500000000e-02 3.730030371750098217e-01
1.757812500000000000e-02 3.178033817637713754e-01
1.782226562500000000e-02 2.211918933626265127e-01
1.806640625000000000e-02 9.279149765378033599e-02
1.831054687500000000e-02 -5.410785765392195357e-02
1.855468750000000000e-02 -2.014348846615366395e-01
1.879882812500000000e-02 -3.267900253993009096e-01
1.904296875000000000e-02 -4.064784051094946782e-01
1.928710937500000000e-02 -4.209505087069772555e-01
1.953125000000000000e-02 -3.611734315903751824e-01
1.977539062500000000e-02 -2.336018985992601715e-01
2.001953125000000000e-02 -6.144434755897974776e-02
2.026367187500000000e-02 1.190715146119783463e-01
2.050781250000000000e-02 2.670295047880438810e-01
2.075195312500000000e-02 3.475665121319090889e-01
2.099609375000000000e-02 3.416849569906895701e-01
2.124023437500000000e-02 2.517940170451693493e-01
2.148437500000000000e-02 1.008928633140020181e-01
2.172851562500000000e-02 -7.456700073710975651e-02
2.197265625000000000e-02 -2.358679918569171474e-01
2.221679687500000000e-02 -3.534855373144152324e-01
2.246093750000000000e-02 -4.148764860041967983e-01
2.270507812500000000e-02 -4.259407412277204652e-01
2.294921875000000000e-02 -4.058077269568329259e-01
2.319335937500000000e-02 -3.770816640655615948e-01
2.343750000000000000e-02 -3.553952037598742120e-01
2.368164062500000000e-02 -3.423984713711992756e-01
2.392578125000000000e-02 -3.250156653737989454e-01
2.416992187500000000e-02 -2.813955854026672365e-01
2.441406250000000000e-02 -1.913552836461263618e-01
2.465820312500000000e-02 -4.725787081916316135e-02
2.490234375000000000e-02 1.390983925073018546e-01
2.514648437500000000e-02 3.366874903497585336e-01
2.539062500000000000e-02 5.031115292239437542e-01
2.563476562500000000e-02 5.977743105247165234e-01
2.587890625000000000e-02 5.958921771934518885e-01
2.612304687500000000e-02 4.982644015547058047e-01
2.636718750000000000e-02 3.329570418008480082e-01
2.661132812500000000e-02 1.477406498513810784e-01
2.685546875000000000e-02 -4.642391210576204963e-03
2.709960937500000000e-02 -8.365349973466092159e-02
2.734375000000000000e-02 -7.475035538921068201e-02
2.758789062500000000e-02 5.118294099414638643e-03
2.783203125000000000e-02 1.125470269046336957e-01
2.807617187500000000e-02 1.918969087059851364e-01
2.832031250000000000e-02 1.941410172123594347e-01
2.856445312500000000e-02 9.403972173357105779e-02
2.880859375000000000e-02 -1.002219390645628094e-01
2.905273437500000000e-02 -3.483264415915292567e-01
2.929687500000000000e-02 -5.897430671074289643e-01
2.954101562500000000e-02 -7.623416860453734456e-01
2.978515625000000000e-02 -8.214821830424848814e-01
3.002929687500000000e-02 -7.532347979037439245e-01
3.027343750000000000e-02 -5.774699416264728047e-01
3.051757812500000000e-02 -3.401015252412462608e-01
3.076171875000000000e-02 -9.750111718872261912e-02
3.100585937500000000e-02 1.013117207014712362e-01
3.125000000000000000e-02 2.285559205428188134e-01
3.149414062500000000e-02 2.831546464450217515e-01
3.173828125000000000e-02 2.864722161121806554e-01
3.198242187500000000e-02 2.705510488752234100e-01
3.222656250000000000e-02 2.636740132673562886e-01
3.247070312500000000e-02 2.788210558359649482e-01
3.271484375000000000e-02 3.092636831345746962e-01
3.295898437500000000e-02 3.326895935514759817e-01
3.320312500000000000e-02 3.219606184836294460e-01
3.344726562500000000e-02 2.581061285583965970e-01
3.369140625000000000e-02 1.403540786746574065e-01
3.393554687500000000e-02 -1.082593743102888695e-02
3.417968750000000000e-02 -1.590085645923106084e-01
3.442382812500000000e-02 -2.635855522300423748e-01
3.466796875000000000e-02 -2.936968633744564960e-01
3.491210937500000000e-02 -2.391345365556903080e-01
3.515625000000000000e-02 -1.141324349454797826e-01
3.540039062500000000e-02 4.740049535171536599e-02
3.564453125000000000e-02 2.034516864505094003e-01
3.588867187500000000e-02 3.179961029081402879e-01
3.613281250000000000e-02 3.724147144804743070e-01
3.637695312500000000e-02 3.701133241816808583e-01
3.662109375000000000e-02 3.328432927895081939e-01
3.686523437500000000e-02 2.904054408611473903e-01
3.710937500000000000e-02 2.679246270727994039e-01
3.735351562500000000e-02 2.757498488859574381e-01
3.759765625000000000e-02 3.059295966157010160e-01
3.784179687500000000e-02 3.365638446733595357e-01
3.808593750000000000e-02 3.421737290259115327e-01
3.833007812500000000e-02 3.057945514997180148e-01
3.857421875000000000e-02 2.277478009242161205e-01
3.881835937500000000e-02 1.272915819151446137e-01
3.906250000000000000e-02 3.612232432868286991e-02
3.930664062500000000e-02 -1.405390819175115005e-02
3.955078125000000000e-02 -5.194733711643140239e-03
3.979492187500000000e-02 5.756811587022286902e-02
4.003906250000000000e-02 1.446497075696047963e-01
4.028320312500000000e-02 2.100947049128674138e-01
4.052734375000000000e-02 2.066836596841234996e-01
4.077148437500000000e-02 1.030007126792354677e-01
4.101562500000000000e-02 -1.035631490938133670e-01
4.125976562500000000e-02 -3.827160592028213681e-01
4.150390625000000000e-02 -6.779813576789948115e-01
4.174804687500000000e-02 -9.224308299778664066e-01
4.199218750000000000e-02 -1.058486472004075640e+00
4.223632812500000000e-02 -1.055338515968611945e+00
4.248046875000000000e-02 -9.182238774987199204e-01
4.272460937500000000e-02 -6.864887946491868842e-01
4.296875000000000000e-02 -4.211073418966494453e-01
4.321289062500000000e-02 -1.858471365165669520e-01
4.345703125000000000e-02 -2.834398347385662376e-02
4.370117187500000000e-02 3.274256137826490887e-02
4.394531250000000000e-02 1.051976224272047067e-02
4.418945312500000000e-02 -5.785646081919575134e-02
4.443359375000000000e-02 -1.262693180372881641e-01
4.467773437500000000e-02 -1.565421655468759166e-01
4.492187500000000000e-02 -1.311770968151607930e-01
4.516601562500000000e-02 -5.764193287187009684e-02
4.541015625000000000e-02 3.692477939974539436e-02
4.565429687500000000e-02 1.182335183608246021e-01
4.589843750000000000e-02 1.596614700054736213e-01
4.614257812500000000e-02 1.536970991002294395e-01
4.638671875000000000e-02 1.156652063597886498e-01
4.663085937500000000e-02 7.827580612318861542e-02
4.687500000000000000e-02 7.893583177899185510e-02
4.711914062500000000e-02 1.444419990793786579e-01
4.736328125000000000e-02 2.786904444985657814e-01
4.760742187500000000e-02 4.580496494443476174e-01
4.785156250000000000e-02 6.364072631375077282e-01
4.809570312500000000e-02 7.585421833926072610e-01
4.833984375000000000e-02 7.775538366199996609e-01
4.858398437500000000e-02 6.706060746214226320e-01
4.882812500000000000e-02 4.477181643797703003e-01
4.907226562500000000e-02 1.505924168380812778e-01
4.931640625000000000e-02 -1.582719755274658024e-01
4.956054687500000000e-02 -4.127813239382734922e-01
4.980468750000000000e-02 -5.613902062344049426e-01
